# logA ns theta_MC_100 ombh2 omch2 tau A_planck calib_100T calib_217T A_cib_217 xi_sz_cib A_sz ksz_norm gal545_A_100 gal545_A_143 gal545_A_143_217 gal545_A_217 ps_A_100_100 ps_A_143_143 ps_A_143_217 ps_A_217_217 galf_TE_A_100 galf_TE_A_100_143 galf_TE_A_100_217 galf_TE_A_143 galf_TE_A_143_217 galf_TE_A_217
2.170374906586849354e-04 1.674218296210257083e-05 7.128569515361447469e-07 5.030240552617330808e-07 -5.267835481357439485e-06 1.046098427290232844e-04 9.570282805723066998e-06 -7.233621269420556671e-08 -1.623588672833187024e-07 -3.089285820561638377e-03 1.083727007853253299e-04 8.450558223240348674e-04 -1.929467821062717412e-03 -2.313262281098089610e-06 -5.402533036637277141e-04 -8.230380044128020496e-04 1.447118687136548024e-03 -1.987870810770385466e-02 -7.488992706669222142e-03 -1.814717959730827857e-05 5.095852996669257215e-03 -1.051964002934261581e-06 -1.001071953361628863e-05 2.175705053854167287e-05 -1.473247014181232236e-05 -2.469277625785427750e-05 3.149692643721890297e-05
1.674218296210257083e-05 1.681566983929980833e-05 3.525649513285386048e-07 2.432099411739212913e-07 -3.463474999635636823e-06 1.226037202718743042e-05 8.172728599486774371e-07 -4.639013338846575383e-08 -3.934333184869958379e-08 -4.416473869470925566e-03 1.135416014698729335e-04 9.666214320620491974e-04 -2.356076560362920912e-03 4.249641210879115134e-04 -4.699804855231127588e-04 -2.819729411661388557e-04 1.380243784673529459e-03 -2.327946188352932044e-02 -5.936160102714269603e-03 2.063752840915049260e-03 5.039827180735950707e-03 -3.150154298972661011e-06 -2.071897000111631465e-06 -1.188463121729014055e-07 -4.141818765853950751e-06 -6.841415207083448889e-06 -2.853772739855692673e-05
7.128569515361447469e-07 3.525649513285386048e-07 9.465643684223674633e-08 1.484485565106713684e-08 -1.105976355240683850e-07 4.132602127982787474e-07 2.666200811335670874e-08 1.036043075509012228e-09 -2.266061763326635008e-10 7.169465781163616263e-06 -7.553180498142446525e-07 -2.747884451524012286e-06 8.105976785415445037e-06 6.984744709367709381e-06 2.010218772724814619e-07 1.984958672227711316e-06 1.965924085169819213e-06 -1.049691891987542290e-05 -7.908780331419224875e-05 -1.052806346316284531e-04 -8.347731963665273121e-05 -1.592720920895565433e-07 -1.868375466525462311e-07 1.257369664104090014e-08 -2.589292240968726111e-07 -4.442374613288895137e-07 -1.441515293610766850e-06
5.030240552617330808e-07 2.432099411739212913e-07 1.484485565106713684e-08 2.051479350074735512e-08 -9.027633929103109021e-08 2.924075203172856904e-07 2.524809460829252125e-08 1.444572107313864754e-09 -1.076453710154620244e-09 -7.828816971312431146e-05 2.112705237179994452e-06 1.825487418435469406e-05 -3.662285266884244319e-05 3.621824799765036406e-06 -6.902894328635777190e-06 -1.146546639016114041e-05 7.171293631387152222e-06 -3.839143605181040420e-04 -1.943742563146105471e-04 -4.525934182926394530e-05 1.970478715679774431e-05 4.759971335744908221e-08 -1.947120951942647604e-07 7.704195358680007119e-08 -4.058093886572625300e-07 -3.069827450096116185e-07 -1.835671971474213436e-06
-5.267835481357439485e-06 -3.463474999635636823e-06 -1.105976355240683850e-07 -9.027633929103109021e-08 1.467939908446024559e-06 -4.020794077003685559e-06 -3.368997086331108113e-07 -6.343607173751567430e-09 -7.466124842204280733e-09 1.052262423149396777e-04 -2.345338230850065955e-06 -9.109643306119585469e-05 1.510690192465536914e-04 -4.836506877524080085e-05 4.332650191861020815e-05 2.087501195953142752e-05 -2.125723736479007164e-05 1.468586561620898899e-03 7.559945364959713048e-04 3.228034439441433614e-04 1.452095473843149974e-04 2.217840558258537192e-07 4.741023585747986962e-07 -1.352659575248648835e-07 1.796655302751790816e-06 1.639620512120755576e-06 1.150026447117299907e-05
1.046098427290232844e-04 1.226037202718743042e-05 4.132602127982787474e-07 2.924075203172856904e-07 -4.020794077003685559e-06 5.827253251912824054e-05 -7.397833582717850028e-07 -7.499700267668181065e-08 -6.148210538256757035e-08 -1.626319690859305512e-03 3.313397150527540617e-05 5.888670054104112395e-04 -7.539825861442203377e-04 1.496898361620134857e-04 -1.616206971348483441e-04 -2.195542975558004259e-04 9.218850661297838054e-05 -1.346935013376511329e-02 -5.044853542078643442e-03 -1.429456913112793015e-03 -8.924879432642654378e-05 -5.803179689877722743e-07 -5.499796019044511911e-06 1.150279813463785267e-05 -9.351565150094258213e-06 -9.748412173945846673e-06 4.030291548045254876e-06
9.570282805723066998e-06 8.172728599486774371e-07 2.666200811335670874e-08 2.524809460829252125e-08 -3.368997086331108113e-07 -7.397833582717850028e-07 5.917416028985413139e-06 -2.574375814768621066e-08 5.714290826653614671e-09 7.257991404840056756e-04 6.038678824125399722e-08 -3.178087818211757827e-05 -3.578676192505080163e-05 2.965180884867382776e-05 8.353711080131294550e-05 6.375388169915353171e-05 7.989965869137686215e-04 3.692164708083616863e-03 4.340590853968920174e-04 2.426277823997403525e-04 1.027227014009604589e-03 -1.706359442843331071e-07 7.043743137869306411e-07 2.897203397948245778e-07 3.124742642501183481e-07 -4.999144155101851795e-06 1.569503684293221831e-06
-7.233621269420556671e-08 -4.639013338846575383e-08 1.036043075509012228e-09 1.444572107313864754e-09 -6.343607173751567430e-09 -7.499700267668182388e-08 -2.574375814768621066e-08 3.702298075893891244e-07 -4.958416642666150611e-09 -1.927510085846940839e-04 4.117557810869908901e-07 1.313311917574953738e-04 -1.267484273878797662e-04 1.526476308996071378e-04 -1.854697233900921675e-04 -2.333149363847316038e-05 4.253001789914920489e-05 3.543167903608992596e-03 1.194806494758472092e-04 5.081520569994874828e-04 5.426358711426518006e-04 -1.023436289888394780e-07 -1.099594912850845488e-07 -2.725609378149668849e-07 7.961446634609605790e-08 8.650975216008162898e-08 -2.223053835074673875e-06
-1.623588672833187024e-07 -3.934333184869958379e-08 -2.266061763326635008e-10 -1.076453710154620244e-09 -7.466124842204280733e-09 -6.148210538256755712e-08 5.714290826653614671e-09 -4.958416642666150611e-09 3.887790248769123234e-07 7.303098299389951904e-04 -3.513503306575621817e-06 -4.005627365213820551e-05 6.971265164778600217e-06 -1.129138338449639845e-05 -3.559824295157413545e-05 4.173869803832894209e-04 9.416667878377596229e-04 5.371670322564431376e-04 7.997374602568097055e-05 -4.564516219872947556e-04 -1.384585399221928978e-03 5.291140350281165476e-07 2.133412791589924887e-07 6.457922323764535342e-07 -6.428167947032877490e-08 1.505581645456219672e-07 8.239938576653859084e-07
-3.089285820561637943e-03 -4.416473869470925566e-03 7.169465781163604405e-06 -7.828816971312431146e-05 1.052262423149396777e-04 -1.626319690859305729e-03 7.257991404840056756e-04 -1.927510085846940839e-04 7.303098299389951904e-04 4.427848248769428352e+01 -4.173750677647548035e-01 -9.014476927444443621e-01 -1.420225876768509421e-01 -4.206728180058763589e-02 3.617361637384771123e-01 -5.809489297366599914e+00 -3.287909361412604170e+01 3.701673736361200184e+01 2.101129152736105343e+00 -1.373119280809012821e+01 -5.455520482263499815e+01 4.302009264359051878e-03 1.744203052759485742e-03 5.446249339538000375e-03 2.280421689347627515e-03 -2.037694140458192003e-03 1.035758617918349205e-03
1.083727007853253299e-04 1.135416014698729335e-04 -7.553180498142445466e-07 2.112705237179994452e-06 -2.345338230850065108e-06 3.313397150527539262e-05 6.038678824125569129e-08 4.117557810869905195e-07 -3.513503306575621393e-06 -4.173750677647548035e-01 8.189687298432656026e-02 -4.497217264068344156e-02 3.413192224959508275e-02 -2.167495196111672931e-04 8.725499460099843049e-03 9.989125235035768713e-02 1.306435398352909505e-01 -7.218160202184163987e-01 8.939434527553974386e-01 1.689086783784893964e+00 6.789096655869152341e-01 4.753310844406788244e-06 4.610139764104468930e-05 -6.592231556860179108e-04 2.568891534360016020e-05 1.852869061493069036e-05 -2.616520137946057399e-06
8.450558223240347590e-04 9.666214320620494143e-04 -2.747884451524013980e-06 1.825487418435469745e-05 -9.109643306119585469e-05 5.888670054104114563e-04 -3.178087818211759182e-05 1.313311917574954009e-04 -4.005627365213820551e-05 -9.014476927444443621e-01 -4.497217264068344156e-02 3.922004671328549019e+00 -2.716856303877987155e+00 -2.441060662322920016e-01 1.192762189569074871e-01 2.682590164514369935e+00 3.395882093131864288e+00 -2.991102265764400414e+01 -3.140859216345000871e+00 7.813479376865854142e+00 5.371225455869265808e+00 -2.023995156932958982e-04 -6.053480902694120813e-04 1.417546027389851235e-03 -9.388151050886799076e-04 2.722001707961371102e-04 -7.430310739946763450e-03
-1.929467821062717629e-03 -2.356076560362920912e-03 8.105976785415445037e-06 -3.662285266884243641e-05 1.510690192465537185e-04 -7.539825861442204461e-04 -3.578676192505079486e-05 -1.267484273878797662e-04 6.971265164778600217e-06 -1.420225876768509421e-01 3.413192224959508275e-02 -2.716856303877987155e+00 5.761432172454055589e+00 1.498152540361774587e-01 -8.141304425460961502e-02 -1.986807207386551921e+00 -2.153565604677442735e+00 1.293241302526412539e+01 -5.060071953570838943e+00 -1.207463191632156807e+01 -9.152539120463961453e+00 1.492881006774131108e-03 8.375786721833601437e-04 -1.400285867687834805e-03 -9.736934054926489829e-04 6.476807164681243909e-04 5.699852787751299131e-03
-2.313262281098155255e-06 4.249641210879115134e-04 6.984744709367709381e-06 3.621824799765035982e-06 -4.836506877524080085e-05 1.496898361620135128e-04 2.965180884867383792e-05 1.526476308996071107e-04 -1.129138338449640184e-05 -4.206728180058762895e-02 -2.167495196111674015e-04 -2.441060662322919739e-01 1.498152540361774587e-01 3.389179607864993837e+00 5.301926803702420310e-01 1.392130998229355043e-01 1.276605083367232940e-01 -7.417400771342175680e+00 -5.072018026620369602e-01 -8.575401298689684371e-01 -4.013004304963884161e-01 -1.119441964624990227e-03 -5.071683486564174375e-04 -1.825732071663724917e-03 -2.238337648182889272e-03 2.721004271120228222e-03 5.685134539441969066e-03
-5.402533036637277141e-04 -4.699804855231127588e-04 2.010218772724824148e-07 -6.902894328635778037e-06 4.332650191861020815e-05 -1.616206971348483441e-04 8.353711080131294550e-05 -1.854697233900921675e-04 -3.559824295157413545e-05 3.617361637384771123e-01 8.725499460099843049e-03 1.192762189569074871e-01 -8.141304425460960115e-02 5.301926803702420310e-01 3.137209215844037669e+00 2.708161950713967148e+00 2.814483608649409607e+00 5.723021396706801767e+00 -1.544308455869501273e+00 -1.013162821541046199e+00 -1.186956643562832925e+00 -4.913103057532051000e-04 -3.938091357526507757e-04 2.363409036522048316e-03 -9.462861409868375063e-04 9.585315650419049633e-04 3.792467846831940829e-03
-8.230380044128020496e-04 -2.819729411661388557e-04 1.984958672227709622e-06 -1.146546639016114041e-05 2.087501195953142752e-05 -2.195542975558004530e-04 6.375388169915353171e-05 -2.333149363847316715e-05 4.173869803832894209e-04 -5.809489297366599914e+00 9.989125235035767325e-02 2.682590164514369935e+00 -1.986807207386551921e+00 1.392130998229354766e-01 2.708161950713967148e+00 1.082215038823803077e+01 1.936874377175404049e+01 -1.215611314138159926e+01 2.926425303710400883e+00 4.554543780546246090e+00 5.162637662011173134e+00 -4.663785696112371783e-04 -5.639706230302952246e-04 9.213737078120467832e-04 -1.315659357427452058e-03 1.119131632235587006e-03 4.349784970579619915e-03
1.447118687136547807e-03 1.380243784673529459e-03 1.965924085169819213e-06 7.171293631387152222e-06 -2.125723736479007164e-05 9.218850661297838054e-05 7.989965869137686215e-04 4.253001789914920489e-05 9.416667878377596229e-04 -3.287909361412604170e+01 1.306435398352909505e-01 3.395882093131864288e+00 -2.153565604677442735e+00 1.276605083367232940e-01 2.814483608649409607e+00 1.936874377175404049e+01 5.353881576769358475e+01 -2.443125754362556279e+01 3.059072564941021533e+00 7.461064940156470371e+00 3.207320774887156034e+01 -1.183515512855215545e-03 -6.224200868581169924e-04 3.624032508256973088e-03 -2.467242618458318545e-03 1.365269439045071033e-03 1.466706989547641136e-02
-1.987870810770385119e-02 -2.327946188352932044e-02 -1.049691891987543814e-05 -3.839143605181040420e-04 1.468586561620898899e-03 -1.346935013376511329e-02 3.692164708083616863e-03 3.543167903608992596e-03 5.371670322564431376e-04 3.701673736361200184e+01 -7.218160202184166208e-01 -2.991102265764400414e+01 1.293241302526412539e+01 -7.417400771342175680e+00 5.723021396706803543e+00 -1.215611314138160282e+01 -2.443125754362556279e+01 7.770964613145605426e+02 6.565247720717543700e+01 -5.793656072982940231e+01 -6.130085901098947687e+01 3.895312552486762669e-03 6.845504764769826112e-03 2.847579896072931563e-02 9.041516661053293144e-03 -1.938444070412003589e-02 -2.295718025715928756e-02
-7.488992706669222142e-03 -5.936160102714269603e-03 -7.908780331419226230e-05 -1.943742563146105471e-04 7.559945364959713048e-04 -5.044853542078643442e-03 4.340590853968919632e-04 1.194806494758471956e-04 7.997374602568097055e-05 2.101129152736104899e+00 8.939434527553974386e-01 -3.140859216345000871e+00 -5.060071953570838943e+00 -5.072018026620369602e-01 -1.544308455869501273e+00 2.926425303710400883e+00 3.059072564941021533e+00 6.565247720717543700e+01 5.972541582235866997e+01 3.960829196381762785e+01 1.476483737229673032e+01 -1.681295975921297085e-03 4.278051448919229643e-03 -1.530243651529264795e-02 9.439481897206619329e-03 4.123622912494518712e-03 9.486738456301956057e-03
-1.814717959730815659e-05 2.063752840915049260e-03 -1.052806346316284395e-04 -4.525934182926394530e-05 3.228034439441433614e-04 -1.429456913112793015e-03 2.426277823997404339e-04 5.081520569994874828e-04 -4.564516219872947556e-04 -1.373119280809013176e+01 1.689086783784893964e+00 7.813479376865854142e+00 -1.207463191632156807e+01 -8.575401298689683260e-01 -1.013162821541046199e+00 4.554543780546245202e+00 7.461064940156470371e+00 -5.793656072982940231e+01 3.960829196381762785e+01 8.572634105600671717e+01 5.416119973834879175e+01 -3.824131747706366585e-03 4.044080351827904728e-04 -1.387167606012498951e-02 4.713408919392855778e-03 4.741221510339212186e-03 -2.238036661360581769e-02
5.095852996669257215e-03 5.039827180735951574e-03 -8.347731963665273121e-05 1.970478715679775108e-05 1.452095473843149974e-04 -8.924879432642659799e-05 1.027227014009604589e-03 5.426358711426518006e-04 -1.384585399221928978e-03 -5.455520482263499815e+01 6.789096655869152341e-01 5.371225455869265808e+00 -9.152539120463961453e+00 -4.013004304963884161e-01 -1.186956643562832925e+00 5.162637662011173134e+00 3.207320774887156034e+01 -6.130085901098947687e+01 1.476483737229673032e+01 5.416119973834879175e+01 1.028775732553341129e+02 -8.427156231445335002e-03 -1.619612391831397064e-03 -8.975146200713154249e-03 3.606217795098392177e-03 5.705420926793798933e-03 -1.170021636240774036e-02
-1.051964002934262005e-06 -3.150154298972660587e-06 -1.592720920895565433e-07 4.759971335744908221e-08 2.217840558258536397e-07 -5.803179689877718508e-07 -1.706359442843328159e-07 -1.023436289888395045e-07 5.291140350281164417e-07 4.302009264359050143e-03 4.753310844406788244e-06 -2.023995156932960609e-04 1.492881006774131108e-03 -1.119441964624990227e-03 -4.913103057532051000e-04 -4.663785696112376662e-04 -1.183515512855216846e-03 3.895312552486758766e-03 -1.681295975921297302e-03 -3.824131747706367452e-03 -8.427156231445335002e-03 1.452241612235161388e-03 2.546934544126240206e-04 1.615781734548142363e-04 -3.568095817275334183e-04 -1.491502641433464034e-04 9.372540098943517650e-06
-1.001071953361628694e-05 -2.071897000111631465e-06 -1.868375466525462311e-07 -1.947120951942647604e-07 4.741023585747988551e-07 -5.499796019044510217e-06 7.043743137869307470e-07 -1.099594912850845620e-07 2.133412791589924887e-07 1.744203052759485742e-03 4.610139764104468930e-05 -6.053480902694121897e-04 8.375786721833598184e-04 -5.071683486564175459e-04 -3.938091357526506673e-04 -5.639706230302953330e-04 -6.224200868581169924e-04 6.845504764769827846e-03 4.278051448919229643e-03 4.044080351827899849e-04 -1.619612391831396847e-03 2.546934544126239664e-04 8.837972741852362238e-04 3.797753409400724000e-05 7.681909242856849651e-04 2.943998953366861840e-05 -6.864664363096836374e-04
2.175705053854167287e-05 -1.188463121728994864e-07 1.257369664104086209e-08 7.704195358680007119e-08 -1.352659575248651217e-07 1.150279813463785267e-05 2.897203397948242072e-07 -2.725609378149668319e-07 6.457922323764535342e-07 5.446249339537999508e-03 -6.592231556860178024e-04 1.417546027389852319e-03 -1.400285867687835672e-03 -1.825732071663725567e-03 2.363409036522047882e-03 9.213737078120465664e-04 3.624032508256972221e-03 2.847579896072931216e-02 -1.530243651529264795e-02 -1.387167606012498777e-02 -8.975146200713155983e-03 1.615781734548142905e-04 3.797753409400723322e-05 7.363283876326385570e-03 -2.855675274631905010e-04 7.306876542673421734e-04 4.692182275474019934e-03
-1.473247014181232236e-05 -4.141818765853951598e-06 -2.589292240968726640e-07 -4.058093886572625300e-07 1.796655302751790604e-06 -9.351565150094256519e-06 3.124742642501182422e-07 7.961446634609608437e-08 -6.428167947032890725e-08 2.280421689347625781e-03 2.568891534360016020e-05 -9.388151050886797992e-04 -9.736934054926484408e-04 -2.238337648182890140e-03 -9.462861409868380484e-04 -1.315659357427452058e-03 -2.467242618458320279e-03 9.041516661053294879e-03 9.439481897206619329e-03 4.713408919392857513e-03 3.606217795098393478e-03 -3.568095817275334183e-04 7.681909242856849651e-04 -2.855675274631904468e-04 2.919038946872889225e-03 5.472328858288210297e-04 -8.479630656576431398e-04
-2.469277625785427750e-05 -6.841415207083448889e-06 -4.442374613288895137e-07 -3.069827450096116185e-07 1.639620512120755576e-06 -9.748412173945846673e-06 -4.999144155101851795e-06 8.650975216008165545e-08 1.505581645456217819e-07 -2.037694140458191569e-03 1.852869061493073779e-05 2.722001707961381402e-04 6.476807164681244993e-04 2.721004271120228222e-03 9.585315650419049633e-04 1.119131632235587223e-03 1.365269439045067998e-03 -1.938444070412004283e-02 4.123622912494518712e-03 4.741221510339212186e-03 5.705420926793798933e-03 -1.491502641433464034e-04 2.943998953366861840e-05 7.306876542673421734e-04 5.472328858288210297e-04 6.484155810032695560e-03 8.139757654784137569e-03
3.149692643721890975e-05 -2.853772739855692334e-05 -1.441515293610766850e-06 -1.835671971474213436e-06 1.150026447117299569e-05 4.030291548045256570e-06 1.569503684293219925e-06 -2.223053835074673875e-06 8.239938576653856967e-07 1.035758617918345085e-03 -2.616520137945995566e-06 -7.430310739946760848e-03 5.699852787751299131e-03 5.685134539441969934e-03 3.792467846831941262e-03 4.349784970579621650e-03 1.466706989547641136e-02 -2.295718025715932920e-02 9.486738456301957792e-03 -2.238036661360580035e-02 -1.170021636240772822e-02 9.372540098943541367e-06 -6.864664363096836374e-04 4.692182275474019934e-03 -8.479630656576431398e-04 8.139757654784137569e-03 7.263452299567059456e-02
